,is_valid_ratio,X,Y,is_valid
0,0.0,-5991.559,-4198.79,False
1,0.0,-4520.599,-4198.79,False
2,0.0,-3049.639,-4198.79,False
3,0.0,-1578.679,-4198.79,False
4,0.0,-107.719,-3008.947,False
5,1.0,-1578.679,-3008.947,True
6,1.0,-3049.639,-3008.947,True
7,1.0,-4520.599,-3008.947,True
8,1.0,-5991.559,-3008.947,True
9,0.0,-7462.519,-3008.947,False
10,0.0,-8933.479,-1819.104,False
11,1.0,-7462.519,-1819.104,True
12,1.0,-5991.559,-1819.104,True
13,1.0,-4520.599,-1819.104,True
14,1.0,-3049.639,-1819.104,True
15,1.0,-1578.679,-1819.104,True
16,1.0,-107.719,-1819.104,True
17,0.0,1363.241,-1819.104,False
18,0.0,1363.241,-629.26,False
19,1.0,-107.719,-629.26,True
20,1.0,-1578.679,-629.26,True
21,1.0,-3049.639,-629.26,True
22,1.0,-4520.599,-629.26,True
23,1.0,-5991.559,-629.26,True
24,1.0,-7462.519,-629.26,True
25,0.0,-8933.479,-629.26,False
26,1.0,-8933.479,560.583,True
27,1.0,-7462.519,560.583,True
28,1.0,-5991.559,560.583,True
29,1.0,-4520.599,560.583,True
30,1.0,-3049.639,560.583,True
31,1.0,-1578.679,560.583,True
32,1.0,-107.719,560.583,True
33,0.0,1363.241,560.583,False
34,0.0,1363.241,1750.426,False
35,1.0,-107.719,1750.426,True
36,1.0,-1578.679,1750.426,True
37,1.0,-3049.639,1750.426,True
38,1.0,-4520.599,1750.426,True
39,1.0,-5991.559,1750.426,True
40,1.0,-7462.519,1750.426,True
41,1.0,-8933.479,1750.426,True
42,1.0,-8933.479,2940.269,True
43,1.0,-7462.519,2940.269,True
44,1.0,-5991.559,2940.269,True
45,1.0,-4520.599,2940.269,True
46,1.0,-3049.639,2940.269,True
47,1.0,-1578.679,2940.269,True
48,1.0,-107.719,2940.269,True
49,0.0,1363.241,2940.269,False
50,0.0,1363.241,4130.112,False
51,1.0,-107.719,4130.112,True
52,1.0,-1578.679,4130.112,True
53,1.0,-3049.639,4130.112,True
54,1.0,-4520.599,4130.112,True
55,1.0,-5991.559,4130.112,True
56,1.0,-7462.519,4130.112,True
57,0.0,-8933.479,4130.112,False
58,0.0,-8933.479,5319.956,False
59,1.0,-7462.519,5319.956,True
60,1.0,-5991.559,5319.956,True
61,1.0,-4520.599,5319.956,True
62,1.0,-3049.639,5319.956,True
63,1.0,-1578.679,5319.956,True
64,1.0,-107.719,5319.956,True
65,0.0,1363.241,5319.956,False
66,0.0,-107.719,6509.799,False
67,1.0,-1578.679,6509.799,True
68,1.0,-3049.639,6509.799,True
69,1.0,-4520.599,6509.799,True
70,1.0,-5991.559,6509.799,True
71,0.0,-7462.519,6509.799,False
72,0.0,-5991.559,7699.642,False
73,0.0,-4520.599,7699.642,False
74,0.0,-3049.639,7699.642,False
75,0.0,-1578.679,7699.642,False
